{
    "Barnstable": 1232.962932355797,
    "Berkshire": 364.0792664981351,
    "Bristol": 319.5501814017459,
    "Dukes": 148.9330143641566,
    "Essex": 2011.0016731773753,
    "Franklin": 621.7122840738083,
    "Hampden": 10000.0,
    "Hampshire": 625.7862488075956,
    "Middlesex": 0.0,
    "Nantucket": 1878.4233280169017,
    "Norfolk": 988.4336738629177,
    "Plymouth": 895.5096955289072,
    "Suffolk": 55.89938054188083
}